numGrass 218
grass 203.018799 279.783295 -51.496117 2.100975
grass 206.240250 297.765533 40.441559 2.564041
grass 216.976639 303.371399 -84.640762 2.379556
grass 200.638016 290.763977 -75.052032 2.421994
grass 201.920959 290.410614 -29.903831 2.620892
grass 223.246201 284.811859 -57.880875 2.152609
grass 222.697311 284.389862 -12.844353 2.026483
grass 225.650131 277.401459 -27.100323 2.028627
grass 226.904984 303.946198 -83.709686 2.151579
grass 203.890305 287.656708 75.019669 2.223494
grass 225.815155 287.563629 -52.321209 2.194273
grass 202.493607 278.245209 -6.919403 2.586719
grass 207.359665 281.675323 -1.882187 2.258407
grass 225.532242 285.375214 66.771255 2.572269
grass 220.932678 291.210266 44.473404 2.096380
grass 225.423325 284.766846 71.869980 2.394644
grass 216.204544 286.308319 -53.874023 2.338291
grass 219.679504 282.722046 47.029816 2.046520
grass 222.702133 296.001709 71.313034 2.220577
grass 193.018799 252.783295 -51.496117 2.100975
grass 196.240250 270.765533 40.441559 2.564041
grass 206.976639 276.371399 -84.640762 2.379556
grass 190.638016 263.763977 -75.052032 2.421994
grass 191.920959 263.410614 -29.903831 2.620892
grass 213.246201 257.811859 -57.880875 2.152609
grass 212.697311 257.389862 -12.844353 2.026483
grass 215.650131 250.401443 -27.100323 2.028627
grass 216.904984 276.946198 -83.709686 2.151579
grass 193.890305 260.656708 75.019669 2.223494
grass 215.815155 260.563629 -52.321209 2.194273
grass 192.493607 251.245224 -6.919403 2.586719
grass 197.359665 254.675323 -1.882187 2.258407
grass 189.995346 269.259796 -40.886799 2.000506
grass 215.532242 258.375214 66.771255 2.572269
grass 191.025223 271.054657 -56.616138 2.369735
grass 210.932678 264.210266 44.473404 2.096380
grass 215.423325 257.766846 71.869980 2.394644
grass 206.204544 259.308319 -53.874023 2.338291
grass 209.679504 255.722046 47.029816 2.046520
grass 212.702133 269.001709 71.313034 2.220577
grass 190.717606 260.626556 -83.815697 2.447592
grass 204.733444 285.567474 -84.968018 2.288284
grass 192.482285 298.519165 -35.603577 2.042748
grass 215.215607 308.427826 70.438370 2.207770
grass 187.907501 303.165375 11.236008 2.158430
grass 192.148590 282.863647 -4.181229 2.616115
grass 192.461502 284.078735 -34.979294 2.284865
grass 202.723007 286.928589 72.376297 2.118535
grass 214.588242 284.215607 81.089020 2.199103
grass 212.150391 310.553070 -15.986893 2.201224
grass 194.752426 293.961334 -44.758476 2.416273
grass 204.288910 303.802094 64.342865 2.068887
grass 206.279480 295.347809 70.144363 2.268754
grass 220.235397 288.172363 -16.291794 2.246726
grass 215.092743 295.344452 51.432846 2.414518
grass 213.523972 290.152802 38.579712 2.051793
grass 218.360382 293.243622 -79.909950 2.218637
grass 213.675446 289.206207 80.203369 2.206687
grass 209.359985 303.482483 16.835602 2.050822
grass 208.876541 304.585724 65.034531 2.682397
grass 243.036926 267.117462 -18.488289 2.442384
grass 235.067963 265.665039 -36.434013 2.065538
grass 239.337204 275.939362 15.003159 2.341781
grass 240.774689 266.820190 70.970322 2.062984
grass 236.725967 269.834961 -38.972004 2.350808
grass 229.378159 277.333679 15.013710 2.124255
grass 220.559799 262.059784 -87.470978 2.307985
grass 244.980347 268.094849 62.121704 2.673131
grass 231.156143 275.866516 37.003380 2.213940
grass 236.131332 277.170532 -0.472557 2.005263
grass 243.677902 266.114624 -23.903847 2.094846
grass 238.067017 276.875061 22.428856 2.683390
grass 223.652573 267.642670 62.299973 2.268202
grass 232.174515 269.892792 -76.086021 2.352911
grass 240.844757 284.601044 -28.933975 2.002087
grass 236.073059 283.178345 -12.386391 2.345582
grass 232.778336 288.057892 81.840363 2.433609
grass 230.521408 270.925415 89.540329 2.620175
grass 227.256744 276.769897 -64.226807 2.232373
grass 226.666794 261.668518 -60.808750 2.363189
grass 246.492386 275.287262 34.275978 2.394639
grass 226.461151 266.919312 88.978256 2.350428
grass 218.421082 274.408936 85.164871 2.443952
grass 235.646240 294.550201 -51.496117 2.100975
grass 235.360565 295.449341 55.038986 2.445994
grass 225.867065 301.084442 -85.055603 2.304107
grass 231.166092 287.100525 46.217377 2.285479
grass 232.773972 271.381104 -47.605103 2.425984
grass 242.591309 292.497223 -51.406658 2.300050
grass 243.536621 286.322327 -27.100323 2.028627
grass 238.844177 293.069885 -51.022633 2.081279
grass 232.404083 297.638550 71.877243 2.571988
grass 225.418655 290.249084 -89.421455 2.018993
grass 212.445694 294.448700 -66.100815 2.335186
grass 211.675568 292.740021 33.027206 2.042778
grass 209.638550 297.896454 -48.478226 2.670695
grass 214.860764 293.331940 34.706947 2.579523
grass 213.733276 273.004333 55.943314 2.522952
grass 211.575073 278.343292 -58.637474 2.629494
grass 213.522278 276.300049 54.161545 2.140490
grass 213.259201 277.327606 -67.030762 2.532894
grass 211.190460 289.378967 71.313034 2.220577
grass 205.631027 287.621918 -83.815697 2.447592
grass 209.955826 285.006561 -46.199997 2.019569
grass 207.882324 289.317230 -3.692390 2.625465
grass 232.922028 294.254761 -7.009972 2.489444
grass 221.958496 288.270569 -35.603577 2.042748
grass 238.403717 295.194275 70.438370 2.207770
grass 218.655762 291.566925 11.236008 2.158430
grass 221.648956 276.721588 -4.181229 2.616115
grass 235.117844 291.002686 -89.753235 2.004479
grass 222.184143 277.612213 -34.979294 2.284865
grass 234.222687 282.100403 6.995354 2.672179
grass 229.318039 279.709198 72.376297 2.118535
grass 236.841995 285.478546 67.782547 2.550411
grass 222.421310 290.110565 -27.828426 2.320266
grass 227.783371 285.485474 -88.615570 2.226589
grass 237.883713 278.102234 81.089020 2.199103
grass 235.877029 296.860260 -15.986893 2.201224
grass 231.742340 290.237793 -66.076935 2.694556
grass 228.820663 290.222198 -19.793999 2.565169
grass 227.753143 292.178558 86.789337 2.509968
grass 222.359024 295.950745 -81.053482 2.533086
grass 232.226074 291.379333 -15.699768 2.160070
grass 228.783752 294.325897 4.764023 2.304923
grass 220.142700 303.453217 -59.178024 2.403811
grass 228.989029 294.442322 -13.113663 2.515894
grass 223.468613 297.586639 -68.250237 2.524522
grass 220.466110 290.376129 -44.758476 2.416273
grass 230.176376 294.840240 -33.504196 2.683363
grass 219.340286 294.223053 39.171692 2.006688
grass 227.190857 297.314362 64.342865 2.068887
grass 228.459488 291.379761 70.144363 2.268754
grass 227.924927 305.758728 -41.378944 2.221546
grass 220.594025 294.907928 16.057045 2.405210
grass 238.635529 285.932617 -16.291794 2.246726
grass 223.309738 298.377686 12.135223 2.513195
grass 224.306351 306.383911 -36.693581 2.675424
grass 211.977951 310.062866 16.590416 2.521659
grass 216.667480 309.159454 -76.681778 2.611397
grass 229.417755 299.344513 -33.779011 2.513794
grass 221.358444 295.908203 -36.851837 2.386261
grass 230.219254 297.663849 -76.931335 2.194309
grass 218.656082 301.895752 52.846970 2.415135
grass 213.867294 304.726837 85.473618 2.620331
grass 229.003738 294.170685 -18.488289 2.442384
grass 223.031937 293.339539 -36.434013 2.065538
grass 225.961288 300.913177 15.003159 2.341781
grass 227.051834 294.184235 70.970322 2.062984
grass 224.517075 296.493561 -38.972004 2.350808
grass 219.173462 301.558868 15.013710 2.124255
grass 212.559540 290.814209 -87.470978 2.307985
grass 230.492325 295.208191 62.121704 2.673131
grass 220.449692 300.462463 37.003380 2.213940
grass 221.478043 290.945404 -88.646721 2.654777
grass 211.177246 288.621521 -65.610947 2.515169
grass 211.782959 274.723572 85.728806 2.143534
grass 215.616287 277.526428 -21.033844 2.369955
grass 210.391251 281.151764 0.748650 2.580182
grass 214.092941 276.151154 -89.463348 2.465127
grass 212.242950 283.807190 -1.136024 2.362161
grass 220.850189 282.124481 21.499443 2.308217
grass 218.584763 289.227722 69.473618 2.235584
grass 215.486282 276.624481 -30.246906 2.230356
grass 210.561569 281.958069 3.391335 2.695123
grass 223.965057 271.598450 11.478523 2.212116
grass 216.132034 289.804352 0.110153 2.030258
grass 209.111267 275.537048 24.159119 2.586899
grass 218.278244 280.568207 -83.038651 2.181391
grass 234.967651 271.364807 85.255188 2.145738
grass 231.462509 285.663147 45.186035 2.350675
grass 229.948441 279.064758 -32.170330 2.694740
grass 227.894226 283.658844 26.220490 2.043393
grass 236.679276 278.637787 1.234955 2.488517
grass 227.982361 279.351868 -19.328171 2.412246
grass 235.173950 277.159363 -22.623230 2.219665
grass 244.626266 282.683075 69.647537 2.113970
grass 246.690186 274.079010 82.377960 2.287597
grass 234.625427 283.202759 87.348373 2.220487
grass 236.653778 285.699615 73.661942 2.162152
grass 236.904800 281.585236 -57.252930 2.169566
grass 233.543381 267.853821 -82.715744 2.377466
grass 245.367477 276.134949 -61.195351 2.586910
grass 239.622314 283.789520 30.396286 2.208052
grass 245.514648 269.523865 -70.679909 2.361799
grass 229.299789 273.704193 -34.120342 2.318261
grass 239.644638 299.441406 27.997948 2.462051
grass 244.810623 299.534943 -35.510429 2.632745
grass 236.350449 297.102783 55.664276 2.143229
grass 237.283813 296.824402 52.217056 2.681490
grass 230.985336 293.309937 -24.667839 2.392356
grass 231.702545 303.310211 76.829422 2.500455
grass 249.536407 297.679688 -31.887768 2.660922
grass 247.168915 304.571808 -31.577003 2.552755
grass 234.411163 304.333984 74.620911 2.266409
grass 239.058075 308.694611 -55.328110 2.487344
grass 239.725647 304.137512 -53.895187 2.513095
grass 240.918701 306.301819 51.477783 2.615748
grass 242.413177 299.358826 -56.858681 2.090390
grass 234.606720 302.735626 68.532669 2.548256
grass 242.202698 302.019653 -78.811806 2.027086
grass 245.764359 306.853302 68.287598 2.437153
grass 230.999725 301.642883 -33.278072 2.169013
grass 254.737991 275.831299 -86.815102 2.509708
grass 239.073135 284.129486 78.877945 2.661826
grass 255.522095 288.210297 25.852921 2.504800
grass 239.251404 267.594818 -29.495068 2.082130
grass 245.115082 284.549469 -49.160042 2.043263
grass 253.810074 270.408997 89.038757 2.439741
grass 254.895355 275.212860 26.604240 2.661508
grass 241.264954 272.931458 -29.733925 2.463647
grass 252.718063 273.786560 1.080780 2.012632
grass 243.483475 271.825928 43.544159 2.008248
grass 250.248795 279.978027 13.159859 2.107692
grass 240.067856 281.267853 -14.006874 2.176158
grass 238.163727 284.898712 -20.367134 2.031189
grass 242.147003 269.580048 -28.004570 2.296920
grass 250.323044 281.196747 44.050522 2.039900
