numGrass 170
grass 294.018799 313.783295 -51.496117 2.100975
grass 297.240265 331.765533 40.441559 2.564041
grass 307.976624 337.371399 -84.640762 2.379556
grass 291.638000 324.763977 -75.052032 2.421994
grass 292.920959 324.410614 -29.903831 2.620892
grass 314.246185 318.811859 -57.880875 2.152609
grass 313.697296 318.389862 -12.844353 2.026483
grass 316.650116 311.401459 -27.100323 2.028627
grass 317.904999 337.946198 -83.709686 2.151579
grass 294.890289 321.656708 75.019669 2.223494
grass 316.815155 321.563629 -52.321209 2.194273
grass 293.493622 312.245209 -6.919403 2.586719
grass 298.359650 315.675323 -1.882187 2.258407
grass 290.995361 330.259796 -40.886799 2.000506
grass 316.532257 319.375214 66.771255 2.572269
grass 292.025208 332.054657 -56.616138 2.369735
grass 311.932678 325.210266 44.473404 2.096380
grass 316.423340 318.766846 71.869980 2.394644
grass 307.204529 320.308319 -53.874023 2.338291
grass 310.679535 316.722046 47.029816 2.046520
grass 313.702148 330.001709 71.313034 2.220577
grass 291.717621 321.626556 -83.815697 2.447592
grass 315.733459 288.567474 -84.968018 2.288284
grass 304.234680 298.393951 70.833908 2.631021
grass 318.738007 309.762878 -7.009972 2.489444
grass 303.482269 301.519165 -35.603577 2.042748
grass 326.215607 311.427826 70.438370 2.207770
grass 298.907501 306.165375 11.236008 2.158430
grass 303.148621 285.863647 -4.181229 2.616115
grass 321.922424 305.582214 -89.753235 2.004479
grass 303.461487 287.078735 -34.979294 2.284865
grass 320.551636 293.498566 6.995354 2.672179
grass 313.723022 289.928589 72.376297 2.118535
grass 324.546356 298.101654 67.782547 2.550411
grass 304.512878 304.042938 -27.828426 2.320266
grass 311.811646 298.184601 -88.615570 2.226589
grass 325.588226 287.215607 81.089020 2.199103
grass 323.150391 313.553070 -15.986893 2.201224
grass 317.037415 304.264069 -66.076935 2.694556
grass 313.421600 304.383759 -19.793999 2.565169
grass 311.444702 307.228577 86.789337 2.509968
grass 318.058380 312.915131 37.764420 2.034792
grass 316.822998 293.826843 -15.699768 2.160070
grass 311.716248 297.915588 4.764023 2.304923
grass 299.625763 310.460175 -59.178024 2.403811
grass 312.246979 297.663116 -13.113663 2.515894
grass 304.085083 301.970734 -68.250237 2.524522
grass 299.752441 291.961334 -44.758476 2.416273
grass 313.485992 298.416779 -33.504196 2.683363
grass 298.871826 297.644958 39.171692 2.006688
grass 309.288910 301.802094 64.342865 2.068887
grass 311.279480 293.347809 70.144363 2.268754
grass 310.659485 313.518188 -41.378944 2.221546
grass 299.901367 298.327118 16.057045 2.405210
grass 325.235382 286.172363 -16.291794 2.246726
grass 304.025513 303.094727 12.135223 2.513195
grass 305.605835 314.287872 -36.693581 2.675424
grass 320.092743 293.344452 51.432846 2.414518
grass 318.523956 288.152802 38.579712 2.051793
grass 323.360382 291.243622 -79.909950 2.218637
grass 318.675415 287.206207 80.203369 2.206687
grass 314.360016 301.482483 16.835602 2.050822
grass 305.467285 310.073425 12.122673 2.555516
grass 313.876526 302.585724 65.034531 2.682397
grass 306.036957 289.117462 -18.488289 2.442384
grass 298.067993 287.665039 -36.434013 2.065538
grass 302.337219 297.939362 15.003159 2.341781
grass 303.774689 288.820190 70.970322 2.062984
grass 299.725983 291.834961 -38.972004 2.350808
grass 292.378174 299.333679 15.013710 2.124255
grass 283.559784 284.059784 -87.470978 2.307985
grass 307.980316 290.094849 62.121704 2.673131
grass 294.156158 297.866516 37.003380 2.213940
grass 299.131317 299.170532 -0.472557 2.005263
grass 306.677887 288.114624 -23.903847 2.094846
grass 301.067017 298.875061 22.428856 2.683390
grass 286.652557 289.642670 62.299973 2.268202
grass 295.174530 291.892792 -76.086021 2.352911
grass 303.844757 306.601044 -28.933975 2.002087
grass 299.073059 305.178345 -12.386391 2.345582
grass 295.778320 310.057892 81.840363 2.433609
grass 293.521423 292.925415 89.540329 2.620175
grass 290.256744 298.769897 -64.226807 2.232373
grass 289.666779 283.668518 -60.808750 2.363189
grass 309.492401 297.287262 34.275978 2.394639
grass 289.461151 288.919312 88.978256 2.350428
grass 281.421112 296.408936 85.164871 2.443952
grass 341.096130 274.693207 -83.038651 2.181391
grass 350.626923 276.375427 -38.783531 2.681548
grass 330.352936 264.867188 83.178345 2.525723
grass 338.347321 271.468597 64.652908 2.224893
grass 351.883636 274.966400 -40.690010 2.451969
grass 326.790497 262.817139 78.735519 2.354803
grass 343.568115 285.008362 31.062355 2.274835
grass 341.253387 282.473175 -16.371788 2.262021
grass 334.562012 273.581177 87.586823 2.620852
grass 330.526489 274.768372 20.123207 2.670359
grass 336.279999 273.630188 -9.446617 2.689688
grass 333.799072 273.730743 43.450226 2.636463
grass 331.532562 267.460266 53.041412 2.127350
grass 331.531189 260.818146 -16.618614 2.028328
grass 341.000458 265.665466 31.864182 2.112018
grass 348.661194 286.488068 -64.309837 2.468208
grass 334.161346 275.761963 89.177628 2.075134
grass 338.774567 264.433075 -24.002342 2.217310
grass 338.455475 275.509735 4.925995 2.312924
grass 343.675385 283.521271 11.837395 2.076885
grass 334.283997 270.985168 -8.909309 2.032451
grass 347.068115 272.380524 -12.967285 2.092821
grass 340.418732 316.879486 58.006897 2.254070
grass 329.043610 301.451538 -86.952522 2.648781
grass 335.009277 320.593811 28.132500 2.225992
grass 341.255157 312.362061 0.667046 2.227201
grass 335.619720 316.970123 -17.270569 2.640193
grass 324.661072 313.071014 46.537506 2.134835
grass 333.528107 317.864624 -2.476448 2.140408
grass 334.643250 322.827240 40.043182 2.550191
grass 339.038391 302.562469 64.454956 2.128883
grass 317.120972 320.214569 -86.035080 2.616516
grass 336.188995 320.930634 -14.629372 2.043510
grass 315.751129 314.027466 -13.006233 2.615563
grass 330.589539 325.745667 30.083282 2.220585
grass 320.972198 321.363953 -17.359390 2.266047
grass 314.951721 299.431061 61.180923 2.116063
grass 341.160828 322.921387 83.293243 2.684429
grass 332.463867 299.760590 -88.658112 2.155998
grass 322.646515 308.073730 66.815994 2.043907
grass 319.476471 320.114044 -67.802811 2.329918
grass 342.106873 321.668427 -20.713173 2.180006
grass 333.028442 302.643585 -48.354225 2.456445
grass 323.699432 318.257843 -31.944016 2.117567
grass 292.004578 331.203979 38.980865 2.519338
grass 292.636383 313.775360 1.413574 2.401177
grass 295.550110 320.337036 -3.940956 2.295529
grass 298.116638 318.154541 -13.592209 2.270794
grass 292.649567 325.878326 51.469009 2.241093
grass 304.187744 314.375580 -61.800491 2.521307
grass 294.217102 314.425323 67.564743 2.502091
grass 293.474365 332.572357 70.704559 2.460993
grass 301.543671 314.270477 23.483681 2.291425
grass 309.492462 334.449310 -57.030422 2.547119
grass 317.975586 317.309723 38.806076 2.387367
grass 314.615234 332.730316 -29.572868 2.147580
grass 317.629974 313.587372 -37.814079 2.072740
grass 299.196655 321.296173 54.850983 2.472106
grass 308.909607 312.978271 19.195839 2.367237
grass 298.908264 335.665283 77.425201 2.533220
grass 316.858368 311.486389 45.319351 2.185226
grass 310.032532 337.781158 75.176315 2.244531
grass 316.741547 333.331421 72.151138 2.183128
grass 298.720490 330.567322 -76.928848 2.546615
grass 324.853302 248.676590 -13.841995 2.574384
grass 313.661469 254.139114 -65.170448 2.207788
grass 330.979492 248.885925 31.865616 2.177742
grass 329.140778 253.137558 47.576187 2.504682
grass 333.834961 252.030014 51.347488 2.218608
grass 331.040405 275.388977 -15.601753 2.511312
grass 306.557648 273.067841 -34.731689 2.411858
grass 332.986664 265.889984 39.157181 2.098753
grass 312.385406 275.034119 10.005554 2.348953
grass 317.242615 271.070374 52.450882 2.536415
grass 321.666992 265.703583 -34.256996 2.475022
grass 323.179993 276.176392 -89.066010 2.059859
grass 307.636536 270.391541 22.314766 2.396235
grass 310.916199 266.566711 -8.018272 2.389821
grass 334.038147 262.106964 34.380531 2.679118
grass 316.136871 265.614624 38.122787 2.080189
grass 320.084351 274.412842 -20.933327 2.359533
grass 327.241791 271.994110 75.123657 2.532417
grass 312.964294 261.134583 74.475021 2.251904
